   5.69				   2290.7465283326
   6.9741647393702184e+00	   9.8701298701298720e+02	
   7.0375378046610919e+00	   8.4675324675324714e+02	
   7.1756520192136630e+00	   6.4415584415584453e+02	
   7.3257747731720340e+00	   4.6753246753246776e+02	
   7.5005550613769794e+00	   2.9090909090909122e+02	
   7.6005301547767292e+00	   1.8181818181818198e+02	
   7.7007614303504717e+00	   5.1948051948052125e+01	
   7.8387155310442989e+00	  -1.3766233766233756e+02	
   7.9023447785091632e+00	  -2.9870129870129847e+02	
   7.9662622309197655e+00	  -4.8311688311688329e+02	
   8.0420921544209225e+00	  -6.3376623376623354e+02	
   8.1306030955346014e+00	  -8.1298701298701303e+02	
   8.1815833481586893e+00	  -9.4805194805194810e+02	
   8.3154065112969207e+00	  -8.0259740259740272e+02	
   8.4615264187866934e+00	  -6.5454545454545462e+02	
   8.5953495819249248e+00	  -5.0909090909090924e+02	
   8.6924426258672831e+00	  -3.8441558441558436e+02	
   8.7773029710016015e+00	  -2.6753246753246765e+02	
   8.8745561288027037e+00	  -1.5584415584415581e+02	
   9.0205159224337308e+00	   5.1948051948053262e+00	
   9.0934637964774954e+00	   8.8311688311688613e+01	
   9.1916135918875632e+00	   1.2727272727272748e+02	
   9.3884575698274322e+00	   1.6103896103896113e+02	
   9.5979825653798265e+00	   1.6623376623376635e+02	
   9.7212702366127033e+00	   1.6623376623376635e+02	
   9.8082440846824426e+00	   1.1168831168831184e+02	
   9.9445009784735809e+00	   5.9740259740259944e+01	
   1.0080821917808219e+01	   2.5974025974028336e+00	
   1.0192421277352786e+01	  -4.9350649350649292e+01	
   1.0414723358832948e+01	  -8.0519480519480339e+01	
   1.0673947696139477e+01	  -1.0649350649350640e+02	
   1.0920010674257249e+01	  -6.4935064935064702e+01	
   1.1153584771392989e+01	  -1.0389610389610084e+01	
   1.1399647749510766e+01	   3.1168831168831275e+01	
   1.1682889165628890e+01	   5.7142857142857565e+01	
   1.1941889343533179e+01	   4.9350649350649746e+01	
   1.2213442447962997e+01	   2.3376623376623684e+01	
   1.2386365415406511e+01	  -2.5974025974024926e+00	
   1.2620932218466464e+01	  -2.8571428571428442e+01	
   1.2855274862124178e+01	  -3.6363636363636033e+01	
   1.3261867995018680e+01	  -1.5584415584415524e+01	
   1.3557470201031848e+01	   7.7922077922080462e+00	
   1.3877858032378583e+01	   2.0779220779220964e+01	
   1.4112232698808041e+01	   1.0389610389610766e+01	
   1.4445173456680308e+01	   5.1948051948053262e+00	
   1.4790410958904108e+01	   2.5974025974028336e+00	
   1.4975342465753423e+01	   2.5974025974028336e+00	
   15.1				   0.0
   15.5				   0.0
   16.0				   0.0
   17.0				   0.0
